# V1(N,A) V2(N,A) V3(T,A) V4(T,A) V5(T,A) V6(T,A)
60 0  0 0  60 0  0 0  0 0  0 0
0 0   0 0  0 0   59 0 0 0  0 0
35 1  0 0  0 0   0 0  0 0  0 0
60 1  0 0  0 0   0 0  0 0  0 0
35 0  0 0  60 0  0 0  0 0  0 0
0 0   0 0  0 0   0 0  0 0  0 0
0 0   0 0  0 0   59 0 0 0  0 0
45 0  0 0  0 0   0 0  0 0  0 0
0 0   0 0  60 0  0 0  0 0  0 0
33 1  0 0  0 0   59 0 0 0  0 0
59 0  0 0  0 0   0 0  0 0  0 0
0 0   0 0  0 0   0 0  0 0  0 0
0 0   0 0  60 0  0 0  0 0  0 0
33 0  0 0  0 0   0 0  0 0  0 0
45 0  0 0  0 0   59 0 0 0  0 0
0 0   0 0  0 0   0 0  0 0  0 0
